32
32 24 21 4 27 19 5 17 23 26 7 3 6 31 18 14 16 28 29 1 22 8 2 25 12 15 20 13 9 11 30 10
31 15 26 22 4 11 25 19 32 2 17 14 12 8 24 29 6 1 3 27 16 7 13 10 20 18 30 21 5 23 9 28
4 21 15 13 14 10 6 3 9 26 32 28 23 20 24 12 30 31 25 27 8 18 7 29 17 5 19 11 2 1 16 22
8 5 4 22 20 13 17 3 21 14 9 26 23 18 28 25 11 24 32 29 15 12 2 30 1 19 16 27 6 31 10 7
24 18 19 2 28 29 30 17 10 22 4 26 16 3 8 11 31 25 6 1 32 9 23 14 13 27 15 21 7 5 12 20
24 9 32 15 30 1 17 4 27 6 2 10 11 21 19 18 20 3 14 8 7 16 23 29 31 26 28 13 5 22 12 25
25 11 8 13 22 23 15 14 27 4 18 32 10 29 17 30 16 20 5 26 28 9 19 24 2 3 7 31 12 1 6 21
28 23 2 10 25 13 22 26 17 16 12 7 18 19 30 15 31 24 1 5 9 3 14 4 27 21 11 6 8 32 20 29
19 6 24 8 5 12 20 2 16 9 22 11 4 27 32 7 23 10 15 25 21 3 13 1 29 30 26 14 18 17 31 28
12 32 29 14 18 5 25 31 1 3 10 7 22 20 6 9 13 2 16 30 27 19 8 15 11 28 21 17 4 24 23 26
32 16 20 29 10 21 1 5 6 3 25 2 12 28 17 7 8 31 27 11 13 26 24 15 9 18 19 4 22 14 23 30
19 25 21 2 8 1 22 20 4 18 16 24 31 6 14 13 29 17 26 23 32 3 27 7 5 11 10 28 9 12 30 15
31 24 12 23 27 4 2 15 7 6 14 5 17 3 25 16 26 9 13 30 29 8 32 22 28 18 20 1 11 10 21 19
14 31 19 30 22 21 13 2 18 25 8 29 26 5 15 20 16 24 12 23 11 7 4 6 3 32 9 1 10 17 28 27
11 30 27 6 9 22 7 25 18 28 14 19 2 16 20 32 12 13 26 15 4 23 29 17 5 21 31 24 10 1 8 3
21 15 8 6 31 17 7 32 5 3 2 23 11 19 1 24 12 10 20 27 13 14 16 25 18 29 9 4 26 28 30 22
20 27 18 13 19 28 2 12 29 7 1 5 21 31 11 16 14 15 23 17 30 9 3 10 6 32 24 22 8 25 26 4
2 21 8 23 13 26 25 30 6 18 7 16 19 22 32 11 24 14 28 27 5 17 29 10 3 4 9 1 20 31 15 12
9 11 24 23 18 19 6 1 32 3 7 13 30 25 27 2 21 22 31 17 12 29 14 15 20 5 10 26 16 28 8 4
28 6 1 19 10 17 12 20 5 11 29 3 16 8 31 23 24 26 27 7 21 15 4 9 13 32 25 18 2 22 30 14
8 1 3 4 14 30 7 28 32 27 6 9 31 5 25 26 2 16 13 12 22 24 21 23 11 29 18 15 17 19 10 20
9 27 15 4 12 11 31 32 1 13 26 28 21 30 19 3 25 24 16 14 2 18 20 17 6 22 5 10 7 23 29 8
23 28 9 26 29 32 2 15 3 16 11 31 14 12 13 4 25 10 17 7 8 22 19 21 18 30 1 24 5 27 6 20
4 28 18 22 3 26 14 19 11 29 7 31 2 24 27 16 30 8 15 25 13 1 10 6 12 23 21 32 9 17 20 5
30 14 3 31 28 25 17 18 4 10 20 27 7 16 32 24 5 13 22 6 9 8 15 2 23 12 11 21 29 26 19 1
18 24 15 32 9 13 7 28 21 1 5 2 22 8 3 4 17 14 30 16 27 31 20 11 26 19 23 29 6 10 12 25
20 16 18 32 4 10 22 1 6 19 13 11 29 9 24 5 28 7 8 23 3 30 2 14 25 31 21 17 26 15 12 27
9 3 5 31 15 26 21 12 30 17 11 1 10 29 16 13 25 2 8 18 14 20 19 28 32 23 27 4 22 7 24 6
4 10 13 22 2 31 15 20 16 23 17 5 7 6 19 29 26 18 9 1 27 12 30 14 28 11 8 3 32 24 21 25
30 29 11 14 1 27 22 24 26 10 4 3 20 31 9 32 13 5 15 6 16 25 7 21 2 28 18 8 12 23 19 17
23 21 14 10 31 2 26 5 22 17 30 3 24 13 32 15 8 4 11 9 18 12 7 6 1 28 19 16 29 20 27 25
4 16 12 3 9 10 28 11 6 25 2 13 23 24 8 27 31 18 7 21 1 17 29 19 26 5 32 15 22 14 30 20
19 5 9 16 8 11 13 6 24 21 23 14 10 4 3 1 7 26 12 30 17 25 22 18 20 29 31 2 27 28 32 15
18 7 19 14 1 8 9 28 12 10 31 25 26 5 4 11 24 23 29 27 17 21 30 32 13 2 15 16 3 6 22 20
15 32 4 10 23 18 17 9 12 6 30 1 21 3 26 13 7 8 5 2 31 14 19 11 24 16 25 29 28 27 20 22
6 2 32 20 30 16 1 13 4 31 15 22 27 23 24 3 5 9 10 19 14 21 18 26 28 7 17 29 12 11 25 8
7 16 23 15 6 20 31 28 26 17 29 13 5 10 25 9 8 18 2 12 24 32 1 3 11 27 30 14 22 4 21 19
11 21 10 6 30 1 3 16 13 31 9 5 15 12 28 14 18 8 32 4 22 20 29 17 27 7 26 2 25 23 19 24
22 16 10 19 14 7 8 4 21 12 28 6 13 2 18 20 9 3 29 31 25 5 1 15 23 17 32 27 30 11 26 24
16 21 11 2 3 27 9 23 8 31 19 18 29 14 20 12 4 28 13 10 22 1 32 24 26 17 5 25 6 30 7 15
18 13 11 15 20 31 6 3 2 23 16 26 8 19 28 22 4 30 9 12 21 32 10 1 5 14 27 25 17 7 24 29
31 28 23 15 6 8 10 26 29 32 20 19 30 14 13 11 3 2 27 5 17 18 24 21 22 16 25 4 12 1 9 7
22 19 6 15 21 11 10 9 27 8 32 20 14 13 17 1 12 3 18 7 28 2 5 23 31 16 26 29 4 24 30 25
12 15 31 22 13 25 10 24 2 8 20 16 7 11 21 18 30 19 1 5 17 6 32 3 29 4 27 14 26 28 9 23
32 26 8 16 15 31 29 17 23 24 5 22 21 18 25 3 4 1 2 10 12 6 11 9 13 19 28 14 30 27 20 7
1 27 6 25 13 7 30 3 11 24 26 10 17 19 12 2 23 22 9 15 32 18 20 31 16 4 29 28 8 21 14 5
23 19 30 4 11 21 29 13 22 15 16 18 2 9 1 31 5 17 6 12 14 25 8 32 27 3 10 28 24 7 26 20
31 17 30 15 3 14 12 20 1 32 29 24 28 10 18 26 5 13 27 25 22 11 9 23 7 8 2 4 16 21 6 19
27 10 26 19 32 15 7 14 24 3 31 9 17 29 23 13 22 11 2 5 18 28 8 6 25 21 16 1 4 12 20 30
13 10 14 7 28 12 30 2 16 5 22 21 11 20 26 29 4 23 31 27 9 1 24 15 32 3 6 17 18 8 25 19
11 6 31 14 32 21 27 15 3 1 24 18 22 29 4 8 28 16 9 12 5 2 23 17 25 10 30 26 13 19 7 20
8 16 25 1 22 11 9 7 18 31 24 26 23 12 15 6 29 21 17 13 10 5 4 19 20 28 3 2 14 30 27 32
8 24 9 2 18 31 10 21 32 5 22 25 17 26 14 28 15 23 1 27 20 19 3 13 12 30 6 29 16 4 11 7
19 20 27 25 9 21 24 7 31 14 18 4 28 6 1 2 11 26 15 32 29 17 16 23 13 5 8 12 3 30 10 22
10 23 9 29 15 22 16 1 21 8 25 26 7 2 3 13 27 11 5 32 30 17 4 20 12 14 24 31 18 6 19 28
6 4 9 30 13 2 3 8 24 21 31 12 5 16 20 10 28 1 19 26 23 25 17 22 27 7 11 18 15 32 29 14
1 6 17 31 20 9 21 14 25 13 16 11 23 26 22 30 29 10 2 24 28 18 5 8 27 7 32 3 4 12 15 19
12 10 14 15 19 28 5 23 11 1 29 30 20 27 26 7 17 4 8 21 22 9 31 13 24 6 18 25 16 32 2 3
26 19 30 4 29 8 15 20 2 16 5 9 32 24 14 7 31 3 23 12 10 6 22 11 13 1 18 27 28 17 25 21
10 17 12 3 27 4 7 14 30 6 18 9 31 8 1 23 15 5 16 19 28 29 20 2 24 13 21 11 22 32 25 26
12 14 25 24 10 2 29 31 4 7 20 30 18 26 3 27 28 19 23 21 5 1 6 15 13 9 16 11 8 17 32 22
15 27 16 24 3 1 32 30 25 22 4 8 7 31 26 29 20 19 21 13 14 11 9 5 23 18 12 10 28 17 2 6
24 31 11 26 7 5 2 22 8 12 28 30 14 17 6 25 1 19 15 21 13 9 18 3 29 16 4 32 20 23 27 10
2 30 29 25 8 10 21 19 6 22 9 23 4 15 32 28 26 12 24 16 3 7 18 13 5 31 1 14 20 27 11 17
