16
10 9 16 4 2 12 6 5 1 15 13 8 11 7 3 14
4 5 1 15 7 8 6 9 14 2 11 3 10 13 12 16
3 8 2 9 10 14 16 15 11 6 7 4 13 5 1 12
11 16 4 12 1 9 13 7 2 15 5 3 6 10 8 14
13 7 14 11 5 12 15 4 1 8 3 6 9 16 10 2
3 6 7 14 1 9 11 15 13 12 10 5 2 4 16 8
8 13 4 3 9 7 11 15 5 2 12 14 10 6 16 1
9 11 8 5 7 13 15 1 6 4 12 3 16 2 14 10
9 7 11 8 13 4 15 1 3 14 12 16 5 2 10 6
3 12 11 6 14 2 13 9 1 5 8 7 4 15 10 16
8 16 2 9 15 3 13 11 7 4 12 6 1 14 10 5
1 5 12 8 7 3 10 14 2 9 6 11 16 13 4 15
10 6 12 9 16 13 11 3 7 14 5 1 15 4 2 8
9 8 4 6 11 14 5 12 2 10 13 16 3 7 1 15
15 16 2 11 9 8 3 10 1 6 12 4 7 14 13 5
15 10 4 16 12 7 8 2 3 1 5 9 13 14 11 6
4 7 12 14 1 3 16 5 10 11 6 15 8 9 13 2
5 1 14 12 3 13 4 7 16 10 11 2 8 6 9 15
1 8 6 10 5 13 14 15 3 2 12 11 9 16 4 7
3 12 9 8 11 14 7 10 13 16 6 2 4 5 1 15
3 8 15 16 13 10 1 6 4 14 5 9 2 12 11 7
4 10 15 14 6 13 12 1 2 9 16 5 3 7 8 11
2 13 16 8 11 6 15 12 9 7 10 14 1 4 3 5
7 9 10 14 4 3 2 6 15 16 1 5 8 11 12 13
15 2 12 9 13 3 1 6 4 5 14 11 10 8 16 7
1 10 7 12 13 2 4 8 15 9 16 5 11 14 6 3
9 4 15 14 6 16 2 7 5 8 1 10 12 3 13 11
3 11 4 16 8 1 15 6 7 2 13 9 10 12 14 5
2 16 13 4 8 15 7 10 11 1 3 5 14 6 9 12
6 15 2 11 3 1 5 16 4 8 14 10 9 7 13 12
6 3 7 15 13 5 10 11 2 9 12 4 1 8 16 14
8 3 9 6 11 10 5 16 13 12 14 4 15 7 2 1
