64
53 8 57 54 4 5 33 64 56 27 44 12 17 16 19 46 41 52 51 15 11 45 63 50 14 43 61 21 25 29 20 35 42 7 23 13 22 55 34 37 30 3 10 32 62 26 2 48 59 9 49 60 47 58 24 36 38 18 6 1 39 40 31 28
37 62 24 48 22 41 26 13 36 59 17 4 40 43 49 32 31 15 6 23 7 3 9 33 38 19 44 58 52 29 53 42 63 8 51 5 64 50 39 47 14 10 54 35 30 27 2 57 12 20 21 1 45 11 28 60 18 34 55 16 46 56 25 61
12 9 50 20 2 21 7 23 36 62 19 31 6 61 47 54 41 46 29 22 40 10 4 1 24 57 49 35 5 55 42 52 33 37 32 51 8 25 28 26 27 44 59 56 39 38 58 53 18 63 14 34 30 15 45 64 48 16 3 60 11 13 17 43
52 30 28 11 26 51 53 62 31 6 44 17 24 35 32 12 46 15 7 25 22 40 10 47 1 38 63 13 43 3 33 58 57 42 29 39 61 2 45 60 20 14 19 41 8 18 49 59 50 48 5 21 23 34 16 64 54 9 27 37 36 4 55 56
38 52 42 21 1 62 55 40 39 13 35 12 20 16 15 4 41 53 8 49 50 59 22 25 56 11 2 30 37 54 33 31 60 44 48 57 58 27 28 34 10 61 6 29 19 63 36 32 3 7 18 23 51 26 45 43 5 64 47 17 9 46 14 24
38 5 23 17 51 36 6 63 20 2 7 53 29 35 62 58 50 60 39 43 64 49 15 45 56 61 13 48 9 4 25 22 34 10 24 52 55 27 33 44 3 18 19 42 1 47 31 21 32 41 59 12 16 40 57 28 14 37 54 11 8 30 46 26
5 62 42 46 36 53 21 56 49 26 11 18 9 1 47 51 12 61 41 17 60 32 15 23 45 13 37 28 38 4 29 58 16 50 27 59 48 39 33 64 25 54 40 55 2 34 19 35 14 44 52 63 43 30 57 6 3 20 24 7 10 8 22 31
24 53 37 18 22 16 19 50 4 41 42 34 35 36 51 47 64 49 61 31 20 46 40 45 33 58 27 59 29 11 38 63 48 60 44 5 62 1 32 2 13 28 54 7 39 6 3 15 52 12 21 43 17 55 30 10 23 25 9 26 56 57 8 14
49 56 27 36 64 52 11 63 22 2 57 46 24 1 54 40 32 9 25 15 34 30 8 28 61 5 33 55 3 20 50 4 21 26 53 23 13 62 29 12 10 31 48 47 19 6 37 44 16 58 39 60 35 17 59 7 18 38 41 45 43 42 51 14
25 49 61 12 33 7 64 39 46 4 2 17 24 3 13 41 14 10 29 40 34 31 22 30 27 47 53 42 6 19 56 60 5 32 37 16 59 45 52 44 11 20 58 63 28 57 62 38 15 51 48 35 26 23 1 54 9 43 50 18 21 36 55 8
23 59 55 28 33 12 36 57 41 9 4 31 11 15 26 22 10 35 32 19 43 3 58 34 6 39 16 30 54 53 25 64 52 49 63 38 17 44 37 60 2 18 61 21 51 14 8 29 50 13 45 20 5 1 24 48 7 47 42 27 62 40 56 46
36 29 2 15 60 3 48 24 40 11 35 6 43 61 34 45 26 23 32 54 31 63 18 42 27 33 20 30 38 10 46 62 17 12 57 41 37 14 19 4 16 59 56 55 51 21 7 53 28 64 47 39 1 22 49 5 52 50 9 44 13 25 8 58
60 30 5 36 56 23 13 31 8 26 42 19 61 55 24 64 40 22 4 49 27 11 6 39 2 44 35 34 59 1 32 15 16 21 47 51 62 43 18 25 50 53 17 7 46 29 48 3 33 14 58 28 12 38 54 41 37 63 9 52 45 10 57 20
3 49 47 11 45 12 16 44 6 21 39 32 7 55 35 14 28 33 27 46 38 17 22 15 58 25 29 37 23 36 19 43 57 34 18 50 1 54 20 63 52 42 10 5 41 31 40 60 62 2 48 61 26 51 30 13 56 4 8 53 9 24 64 59
2 29 48 56 28 13 12 1 63 9 44 59 31 39 8 45 35 61 38 27 52 62 36 33 24 3 30 14 23 55 5 37 26 25 40 53 7 32 57 10 18 41 21 58 46 42 51 20 64 47 17 11 50 6 54 4 19 60 43 22 49 15 34 16
59 25 40 55 51 3 36 20 54 30 24 38 60 23 34 58 21 50 49 19 31 11 64 62 17 35 10 6 1 56 4 14 57 47 46 29 61 63 2 53 48 5 32 52 33 26 41 18 9 44 15 43 8 37 27 12 45 22 42 16 7 28 39 13
15 64 61 25 23 32 51 11 46 63 22 31 17 5 48 2 42 36 26 62 33 52 60 40 44 39 43 35 6 7 18 34 12 49 55 37 16 19 59 24 58 54 14 1 45 47 9 27 53 38 30 4 57 3 10 20 8 28 21 13 50 41 56 29
39 18 47 12 48 57 22 20 30 38 34 58 13 1 19 6 55 29 45 37 36 10 52 64 17 24 63 15 33 54 41 59 44 16 21 40 27 35 43 53 56 62 23 8 5 9 46 2 4 28 31 7 50 25 51 11 14 49 61 42 26 32 60 3
40 22 7 55 13 25 59 57 27 23 48 49 10 53 16 26 11 8 29 61 14 60 50 44 56 30 62 9 19 46 36 1 41 18 47 17 43 4 21 35 24 52 31 58 2 28 34 5 54 3 63 39 32 38 64 42 12 51 33 45 6 15 37 20
7 55 18 6 29 36 4 23 11 1 22 42 17 19 16 24 28 54 9 31 10 3 49 58 59 51 57 8 61 35 34 37 63 13 41 62 45 12 56 50 15 32 48 44 52 40 47 64 39 46 60 21 33 14 20 26 30 2 38 5 27 43 25 53
18 36 30 4 31 59 25 3 43 52 37 64 41 10 54 21 22 6 23 39 14 42 17 11 44 46 50 61 28 45 35 7 20 38 19 48 15 49 1 62 5 2 58 29 9 8 63 32 56 13 27 51 33 16 55 40 53 60 24 57 26 34 12 47
40 49 61 31 37 53 21 15 8 34 17 62 13 5 63 36 23 30 55 1 28 50 14 19 24 2 54 3 32 12 11 45 33 57 47 44 64 52 48 56 16 22 26 59 38 35 60 6 41 18 46 58 10 25 4 20 7 43 39 27 42 29 51 9
53 43 14 12 18 58 2 28 24 49 56 57 4 15 45 48 7 46 60 38 1 23 17 34 5 22 39 30 8 31 26 32 64 16 20 9 6 40 21 29 37 44 50 41 35 54 61 52 62 13 42 33 55 51 25 27 59 47 10 3 36 63 19 11
10 13 22 37 24 45 35 63 42 2 29 11 59 33 53 40 62 64 41 55 34 60 51 61 20 14 9 43 15 56 47 17 8 48 12 31 32 7 3 52 39 57 46 54 38 30 1 18 50 58 6 4 25 28 44 36 49 23 16 21 27 19 26 5
14 61 21 15 42 17 44 22 5 2 47 18 64 54 16 57 8 58 23 60 9 45 27 12 19 39 7 52 30 55 43 40 24 3 48 20 28 29 11 6 50 51 56 33 63 32 34 10 25 62 13 4 1 49 59 38 53 26 46 31 35 41 37 36
53 1 31 49 57 63 56 60 2 28 8 9 46 43 18 55 40 20 64 26 59 61 19 17 29 22 38 7 13 58 10 25 39 14 50 27 42 44 62 15 34 6 36 52 54 12 21 30 37 45 16 3 11 47 48 5 33 51 35 24 23 41 32 4
49 1 5 45 43 29 8 22 46 3 40 37 54 47 44 52 6 32 4 7 30 26 21 10 25 15 16 60 23 33 48 39 19 59 17 57 56 55 42 53 35 2 62 9 12 20 34 13 11 31 18 51 38 64 24 50 58 61 28 41 27 36 63 14
2 24 30 4 37 62 23 21 6 18 38 51 57 63 10 42 61 29 47 44 25 41 7 32 15 46 55 33 3 50 49 45 17 8 16 56 40 52 53 43 27 19 22 64 28 60 11 54 35 26 31 39 36 20 58 48 9 59 34 1 12 5 13 14
42 51 14 60 47 19 9 16 35 45 59 58 22 3 15 52 31 37 5 40 46 10 43 44 33 34 61 1 36 13 27 50 62 26 63 64 23 56 17 18 39 54 4 30 48 7 2 11 12 57 41 29 24 55 49 8 28 21 38 32 20 25 6 53
19 63 41 57 49 32 16 61 60 47 64 20 51 14 1 62 39 8 33 27 25 12 26 5 52 15 17 24 4 29 23 13 22 44 18 28 35 42 53 6 45 56 31 46 36 55 21 54 58 9 11 50 38 10 43 40 7 59 37 34 3 2 30 48
50 20 1 40 16 51 14 38 18 9 52 21 28 5 43 13 26 42 64 12 30 25 49 60 15 11 62 8 37 63 6 44 7 3 31 10 4 33 61 39 34 32 19 35 47 2 36 29 55 57 48 27 59 53 56 17 22 45 46 54 58 23 24 41
13 52 54 4 15 30 19 58 56 28 11 20 16 55 59 33 40 50 1 29 41 36 62 21 10 17 49 26 42 39 57 9 45 23 27 61 2 8 47 7 18 51 37 25 14 64 46 63 32 38 12 31 22 60 34 5 35 3 24 43 53 48 6 44
47 61 29 16 63 52 33 45 54 20 64 11 21 10 46 13 48 49 50 32 39 9 12 19 44 17 53 18 14 7 59 37 28 51 22 15 4 5 41 30 43 60 58 57 26 56 24 40 2 6 42 55 62 3 8 27 38 34 35 31 25 1 23 36
2 14 4 45 38 35 17 57 50 34 63 26 41 12 62 64 27 56 48 20 55 29 30 47 22 16 60 32 44 15 25 39 28 5 42 46 3 10 19 58 23 43 40 33 37 59 51 7 13 52 6 49 1 21 18 61 36 24 11 54 31 53 8 9
41 27 17 59 33 37 1 25 19 5 38 63 14 61 9 43 58 10 18 45 6 51 20 60 57 64 22 21 44 31 8 32 46 42 35 48 47 62 2 3 13 50 26 11 34 36 55 12 24 52 53 28 56 40 4 7 29 15 49 23 16 54 39 30
27 64 59 55 21 45 12 8 22 38 13 61 18 62 14 1 44 10 28 23 39 51 4 34 20 54 17 58 49 60 16 9 53 46 52 15 40 48 42 35 32 2 43 6 56 30 19 47 25 50 37 5 11 24 29 33 57 41 63 26 31 3 36 7
6 32 54 8 37 40 43 22 24 42 55 21 11 34 35 17 57 59 12 29 60 14 44 9 23 53 36 52 2 51 64 10 7 50 13 41 25 48 16 58 19 27 1 56 62 47 28 39 5 46 18 3 33 61 4 15 30 38 63 45 49 31 26 20
3 39 44 38 64 11 24 4 51 50 33 53 17 54 28 14 22 31 18 23 56 8 16 9 55 34 36 58 59 20 12 26 7 32 30 47 1 41 27 13 62 40 57 37 25 48 60 15 52 10 29 5 61 19 49 6 2 46 63 45 21 42 35 43
63 30 14 38 36 56 55 50 64 26 18 57 8 48 3 16 4 31 47 11 42 43 7 62 29 10 22 59 1 34 35 45 40 44 9 41 12 27 53 58 21 25 37 49 32 60 39 5 17 6 46 15 51 52 28 19 23 20 33 13 2 61 24 54
52 22 39 61 62 12 14 38 29 63 47 23 53 24 6 40 49 50 13 20 16 42 11 5 54 17 3 8 32 59 56 41 18 33 7 35 43 34 37 30 21 55 60 64 51 36 45 10 58 26 27 48 2 44 19 4 46 28 31 15 9 1 25 57
56 15 18 5 53 48 1 4 14 61 51 11 28 52 49 37 44 3 22 57 60 16 8 38 35 30 36 39 54 26 42 24 46 23 13 25 34 7 6 2 63 58 43 33 17 62 31 19 55 41 27 64 21 47 40 20 10 9 29 32 12 50 59 45
61 37 28 10 45 50 41 17 39 29 33 58 32 38 16 24 52 18 36 40 35 1 5 25 56 19 3 23 8 46 44 13 15 9 64 14 12 26 42 2 34 63 60 30 48 27 43 57 4 53 55 49 62 47 59 20 7 51 6 54 22 31 11 21
20 21 2 29 60 10 24 58 4 43 27 41 35 25 40 16 1 5 8 14 6 61 53 42 12 49 34 55 17 64 19 48 52 36 54 15 37 31 7 59 38 18 13 51 11 50 57 32 30 28 39 45 22 47 9 44 26 46 33 62 3 56 23 63
57 12 28 6 59 31 50 40 44 36 24 21 25 63 62 22 34 53 39 8 15 18 26 42 9 48 46 5 19 1 29 41 14 52 20 64 55 61 58 43 54 16 11 27 35 32 4 3 37 10 7 51 23 49 13 60 33 45 47 17 38 30 56 2
33 17 32 48 57 27 26 47 15 36 8 22 21 50 1 63 44 10 41 46 37 42 60 55 34 23 9 45 20 56 25 18 5 29 16 51 3 43 12 64 61 4 7 58 59 2 24 52 40 49 38 39 28 53 31 13 19 54 14 6 35 62 11 30
38 49 45 1 18 2 62 6 32 47 17 61 63 23 4 12 7 19 13 30 52 56 51 28 41 22 40 35 15 3 42 25 60 44 37 36 39 54 5 46 20 57 48 50 16 59 55 53 26 10 9 14 24 33 34 8 31 58 21 11 43 64 29 27
55 30 9 57 32 1 12 18 24 38 33 53 62 6 44 50 41 22 47 14 29 56 51 27 36 5 23 54 4 19 20 3 43 46 45 52 34 28 11 48 17 39 26 16 31 8 10 59 64 40 2 21 63 25 13 42 7 58 61 49 35 60 37 15
6 15 21 56 36 7 33 64 1 43 16 22 9 54 63 17 46 13 53 50 10 57 25 20 44 2 31 37 8 32 52 58 39 49 40 42 48 55 34 4 14 41 28 26 61 62 27 51 38 19 3 18 23 59 29 12 60 24 11 35 45 47 5 30
34 42 27 19 26 37 18 16 23 45 32 59 12 31 50 3 43 14 21 38 41 15 48 1 39 29 55 25 35 56 53 17 63 2 52 20 6 57 47 40 9 28 7 8 61 5 13 4 30 22 33 62 60 11 51 58 49 44 54 64 36 46 10 24
10 9 41 59 2 18 43 61 21 35 47 3 46 8 12 49 34 38 44 26 37 48 56 45 33 19 27 30 7 4 22 31 1 57 42 11 25 55 40 28 16 14 62 6 51 39 29 58 20 36 50 63 23 53 15 52 64 17 24 60 5 32 13 54
63 52 10 49 34 59 17 56 5 51 20 4 33 32 15 41 3 62 53 47 43 9 29 50 61 44 8 57 58 18 48 30 13 42 26 19 21 45 25 46 28 2 6 31 23 1 38 64 60 54 40 12 22 39 27 37 14 24 11 55 35 7 36 16
58 47 46 10 36 15 55 60 6 62 35 43 26 53 8 42 1 31 21 45 64 59 11 23 33 17 18 57 63 19 7 12 56 32 4 51 54 16 22 27 40 37 61 50 3 9 52 28 48 44 39 49 5 20 34 38 29 24 14 2 13 41 25 30
1 11 6 58 42 27 23 54 63 22 15 62 25 50 20 56 21 52 34 45 36 29 26 32 40 38 35 51 24 57 33 28 16 61 3 4 19 9 13 17 48 47 43 14 49 31 60 59 44 5 10 12 30 37 2 53 39 18 64 7 8 41 55 46
4 44 25 1 7 51 64 54 12 13 36 55 23 26 63 2 33 40 19 49 58 52 48 39 43 57 37 38 18 17 45 30 29 16 5 46 56 35 47 59 31 60 53 50 8 21 28 3 41 11 9 20 14 6 42 24 22 27 10 34 15 61 62 32
51 44 47 14 45 22 63 38 15 60 42 27 52 17 19 48 46 57 61 23 20 34 26 4 3 16 36 24 28 37 53 8 9 10 31 55 40 59 25 5 50 33 58 41 1 18 6 29 32 43 7 49 54 13 62 35 21 39 64 56 30 2 11 12
8 12 33 2 24 13 39 63 29 34 36 26 9 5 35 23 41 38 40 37 56 27 32 22 57 1 7 4 42 46 28 20 11 47 44 19 45 16 62 18 50 59 30 14 52 25 43 49 54 53 31 60 55 6 48 51 64 17 61 15 58 3 10 21
60 5 39 20 35 26 14 21 45 1 8 48 27 30 17 12 49 18 51 64 62 2 29 55 11 53 46 28 59 37 13 54 22 41 31 6 56 9 23 36 63 44 4 24 58 32 7 52 40 42 38 10 34 16 25 15 33 3 61 19 57 47 50 43
9 60 64 36 26 42 14 52 47 3 24 58 48 15 16 11 63 18 54 37 34 23 33 44 1 5 49 10 28 12 56 31 22 41 6 46 38 8 57 45 17 32 51 35 62 29 4 27 61 20 13 21 7 50 40 39 19 53 25 43 59 55 30 2
47 4 35 38 64 23 24 49 32 58 13 30 31 39 17 25 26 53 12 56 52 28 21 3 22 59 43 6 34 11 45 63 36 33 20 8 14 61 27 10 18 57 40 1 44 16 15 50 62 29 46 54 37 5 51 41 19 48 7 2 42 9 60 55
7 56 42 22 4 3 63 57 38 62 52 61 11 43 16 33 5 27 24 35 53 36 49 10 39 17 59 54 19 44 1 8 64 23 48 58 40 37 50 34 45 6 2 21 46 14 12 20 9 51 55 15 26 31 32 30 28 60 47 18 13 25 41 29
24 62 55 46 41 12 37 56 35 17 8 23 29 34 49 64 20 43 14 30 3 27 31 57 60 25 44 26 2 54 13 42 39 33 58 51 10 48 59 18 52 38 21 61 50 5 32 53 6 45 63 11 36 15 28 40 47 4 9 1 19 22 16 7
20 52 29 2 39 49 57 51 26 64 31 5 22 48 37 63 3 28 38 7 50 25 21 30 24 19 46 42 23 17 55 41 1 8 43 54 4 16 61 59 18 32 53 11 13 14 9 10 27 47 15 40 60 6 44 36 33 45 62 56 12 58 34 35
54 53 47 25 29 63 49 16 31 1 50 7 3 61 20 28 15 60 44 14 58 10 41 45 17 37 11 59 39 42 52 22 19 33 43 5 64 6 38 21 2 12 8 27 13 57 26 32 36 56 35 46 18 51 48 30 34 40 62 24 4 9 23 55
11 38 13 60 58 51 3 31 19 53 62 32 18 49 20 23 28 29 64 41 39 56 42 2 27 37 6 25 33 34 35 1 46 14 43 44 22 63 16 8 4 15 30 7 47 21 36 17 26 55 45 24 52 40 9 61 5 50 59 10 57 48 12 54
55 18 30 11 64 60 28 1 7 35 58 2 51 39 26 13 27 3 17 63 12 21 22 61 48 16 37 40 34 24 62 41 19 59 15 25 49 43 31 29 45 23 10 38 36 57 44 6 52 4 32 42 33 50 46 14 56 5 20 9 47 53 8 54
38 13 24 21 46 7 57 18 27 29 15 62 45 47 19 23 60 40 5 8 12 10 51 26 37 31 61 4 1 2 39 6 25 41 30 28 43 50 59 35 17 22 42 44 63 64 33 53 36 16 55 14 20 49 9 52 3 56 58 11 34 32 54 48
64 24 47 19 52 2 17 56 49 32 6 38 10 36 60 33 34 59 45 35 4 58 1 23 13 15 7 25 55 44 42 54 12 20 50 14 22 40 43 21 9 18 8 48 16 11 26 57 3 31 46 5 39 28 61 41 30 27 29 62 37 53 63 51
42 16 13 32 1 54 59 47 18 30 19 14 45 27 29 33 22 52 60 43 63 10 23 2 49 40 4 55 12 25 44 36 21 53 24 35 31 20 50 64 11 57 37 17 34 15 51 56 3 8 5 61 41 9 6 26 62 48 38 7 46 39 58 28
41 45 44 16 21 8 20 11 34 36 12 64 4 23 42 48 35 3 14 38 49 58 1 18 59 50 62 30 24 22 51 26 54 55 5 46 29 40 32 56 53 37 17 60 43 33 10 9 57 52 63 7 28 13 39 2 19 6 27 31 25 47 15 61
25 53 18 24 42 13 14 32 29 8 23 44 11 15 21 30 57 54 28 61 52 62 47 33 19 38 43 26 49 40 50 31 20 2 64 35 1 4 51 41 36 45 16 5 48 10 58 6 34 9 39 22 7 12 63 59 56 60 37 27 46 55 3 17
51 64 50 28 60 1 57 55 62 53 23 46 41 43 18 20 27 7 8 11 56 15 33 36 2 26 12 30 14 13 25 6 17 34 61 24 22 4 35 40 3 42 19 16 54 21 48 32 58 9 31 63 29 44 39 52 10 45 59 38 37 49 47 5
40 17 39 25 16 48 55 57 18 26 22 21 63 5 13 38 35 52 32 8 24 62 54 1 53 6 11 2 23 41 12 45 42 31 9 30 15 64 56 51 29 43 59 27 58 49 46 37 3 44 4 7 14 36 20 10 28 61 34 50 19 33 47 60
19 27 53 43 15 58 31 51 39 7 18 64 28 30 23 36 16 13 48 60 42 5 45 44 10 49 20 17 24 21 47 4 41 14 1 8 59 11 46 6 2 40 26 35 34 52 3 38 32 54 37 56 63 29 22 9 61 57 25 33 50 55 62 12
47 38 46 45 60 24 34 42 52 9 55 14 3 36 21 50 59 33 48 62 44 2 15 41 19 22 17 20 25 53 32 30 16 43 23 49 8 31 57 40 1 54 39 7 10 13 35 58 37 56 51 6 5 11 18 4 63 27 29 61 26 12 28 64
48 57 61 43 28 7 19 31 24 18 21 52 50 45 27 38 39 46 58 47 33 42 34 37 56 60 63 20 40 64 5 22 8 17 51 3 10 49 41 26 55 53 35 13 12 23 6 32 36 62 16 14 2 15 59 44 25 54 1 30 4 29 11 9
6 34 5 28 38 61 35 23 18 46 10 58 49 9 37 51 43 2 54 41 24 42 22 12 25 55 64 53 36 7 3 32 50 62 44 63 17 11 48 20 1 29 40 47 31 56 52 16 21 14 27 26 33 45 30 39 8 19 4 13 60 15 57 59
23 20 9 27 30 35 31 41 59 47 64 14 44 34 10 32 19 60 62 48 50 15 49 26 56 21 40 12 22 4 17 33 7 61 43 39 63 18 24 5 55 38 16 3 51 28 52 53 8 45 6 11 57 42 36 54 25 37 2 29 58 1 46 13
48 32 17 57 61 26 21 59 51 60 12 43 37 15 56 63 53 62 39 38 64 23 24 33 22 19 45 9 42 54 30 3 14 5 55 46 29 4 25 10 27 16 50 13 1 7 52 34 31 36 8 41 35 58 11 6 20 18 2 28 40 49 47 44
17 16 15 44 37 4 58 32 29 31 10 33 54 3 2 21 57 6 63 14 34 22 20 9 52 43 35 55 36 38 47 61 24 1 39 13 19 26 60 48 30 49 51 62 11 8 59 12 41 28 5 40 25 23 56 53 46 50 27 45 42 64 7 18
25 41 46 12 33 37 36 31 8 44 63 58 2 35 5 55 24 48 52 28 47 3 53 17 38 34 50 62 20 57 59 61 43 49 45 56 27 1 29 14 32 13 18 11 40 26 6 19 16 22 4 64 7 51 60 54 23 9 15 21 30 39 10 42
57 4 48 52 28 36 38 51 34 47 63 58 18 16 27 37 17 5 29 64 12 23 50 20 9 3 19 7 31 41 49 45 14 46 6 26 21 59 35 42 10 62 24 13 55 54 8 11 39 60 61 53 25 56 15 30 44 43 33 2 1 22 40 32
53 15 13 32 7 62 38 54 18 45 14 34 24 56 9 30 20 64 25 1 40 63 42 11 5 27 61 35 22 2 39 43 8 55 36 3 58 60 10 29 49 21 33 6 47 50 41 17 19 44 4 37 48 12 51 28 16 59 52 31 23 57 26 46
54 64 53 39 28 47 63 55 60 8 31 29 44 18 12 33 13 22 62 19 15 27 36 50 59 46 45 5 2 24 43 57 52 41 21 4 49 51 20 25 9 7 26 16 34 37 56 6 3 14 38 48 32 40 10 42 61 23 58 35 30 17 1 11
14 36 59 40 16 9 3 28 35 48 33 22 7 63 43 24 41 55 11 38 31 64 51 62 8 52 32 23 1 37 18 2 5 12 39 20 4 57 13 19 50 25 45 15 26 27 10 42 58 47 30 17 53 34 21 61 44 54 60 56 6 29 49 46
41 57 34 32 59 50 46 64 48 16 60 52 10 27 15 61 26 36 18 54 19 55 3 7 29 4 63 47 8 25 13 62 14 30 44 12 24 53 58 39 43 56 51 49 9 1 31 37 33 5 20 21 11 45 38 6 28 22 17 2 40 35 42 23
32 41 50 53 43 42 28 21 27 9 48 26 31 61 52 4 1 47 46 44 18 30 29 15 16 57 13 33 51 22 17 36 5 59 7 19 24 39 45 60 14 34 12 11 56 6 58 64 25 62 10 8 55 54 20 2 3 37 23 40 63 49 38 35
1 20 22 14 36 57 48 49 19 17 63 32 25 23 16 37 13 46 12 26 11 30 5 54 18 15 4 6 3 34 38 31 7 44 52 53 9 41 2 27 56 58 29 10 33 60 45 42 40 59 61 35 50 55 28 21 8 43 24 39 64 62 51 47
61 50 26 25 5 47 27 44 20 12 46 57 37 59 19 55 34 23 2 40 15 4 14 8 33 62 24 56 58 54 22 9 17 31 53 35 6 52 63 3 60 11 36 32 1 41 18 29 64 10 38 13 45 39 51 30 48 16 49 28 7 42 21 43
3 35 9 26 63 51 55 30 18 46 23 40 58 1 7 31 17 49 59 15 45 53 13 16 47 32 14 41 64 2 4 20 38 56 42 36 34 54 21 10 52 29 50 11 62 22 37 12 48 33 61 25 57 6 5 39 24 8 43 60 28 19 44 27
50 1 14 21 32 48 20 41 58 59 63 19 28 43 29 46 33 35 53 30 52 56 23 24 61 42 22 8 47 55 11 36 9 39 15 25 27 3 18 62 7 26 60 45 5 57 4 6 44 10 38 16 54 40 37 13 51 12 64 49 34 31 17 2
62 39 28 47 17 3 64 4 61 35 36 12 32 44 56 24 27 13 7 54 45 26 2 19 1 8 9 38 21 57 49 10 55 20 16 18 5 52 29 25 50 63 22 59 33 58 15 30 31 34 14 46 40 23 43 51 37 42 60 11 48 41 53 6
24 21 3 34 17 59 44 46 29 55 51 31 41 42 23 11 39 12 10 28 18 56 45 57 25 43 61 35 20 32 49 14 58 8 2 9 26 54 4 13 64 38 60 1 33 22 47 36 62 6 5 53 63 50 7 15 16 52 48 37 40 19 30 27
28 17 41 32 26 51 9 40 34 47 4 63 62 35 7 11 23 61 54 52 55 20 18 21 14 22 64 25 16 5 37 33 10 2 44 29 59 15 19 8 45 42 6 27 12 57 31 48 39 24 13 50 49 3 1 38 36 30 43 53 56 46 60 58
21 25 64 12 53 13 55 2 34 24 60 8 15 14 30 9 38 19 61 45 1 17 16 27 52 63 31 26 23 22 4 42 37 50 32 28 11 59 41 35 43 46 40 18 6 3 51 39 10 44 58 62 20 56 54 7 36 48 5 57 29 47 49 33
18 1 45 4 20 54 60 8 28 51 57 43 6 22 55 33 11 46 47 41 23 35 26 24 5 53 34 63 9 39 50 32 59 38 13 37 36 31 58 61 21 40 27 56 62 49 29 17 14 30 7 25 15 3 48 2 42 16 64 10 44 52 19 12
7 6 16 17 54 24 8 41 13 61 28 53 59 23 56 31 14 58 25 40 4 55 11 29 60 22 27 1 15 32 26 57 18 47 36 3 43 5 20 34 39 48 10 44 49 63 2 42 45 9 35 50 64 33 38 19 21 46 62 30 52 51 12 37
22 25 19 57 3 56 40 29 34 18 44 1 41 12 13 33 24 17 47 58 63 45 9 21 49 52 30 60 64 27 61 53 36 14 55 62 51 38 8 26 35 6 10 28 48 37 46 50 7 16 4 43 20 31 15 54 42 2 32 59 23 11 5 39
21 22 45 61 59 63 41 6 53 40 15 49 19 14 26 9 43 62 48 20 44 51 5 11 46 31 30 50 58 39 2 24 55 8 27 37 23 47 3 52 36 33 7 32 4 56 13 38 57 17 42 60 16 25 1 64 29 10 28 34 12 35 54 18
46 26 32 35 12 15 59 28 57 30 4 25 18 60 24 14 49 37 19 27 47 54 20 40 53 13 61 22 21 10 36 2 64 38 48 7 52 44 17 33 34 56 51 16 45 41 11 58 62 8 9 55 43 39 42 1 31 5 29 50 6 23 63 3
38 9 5 6 2 62 4 49 44 26 63 55 53 13 40 31 52 24 60 61 33 23 12 10 54 46 16 22 45 42 7 27 30 8 15 19 35 48 18 14 32 47 56 34 41 21 51 25 43 36 58 20 11 59 3 64 39 28 37 1 50 29 57 17
32 38 31 40 20 8 21 13 30 48 43 57 35 33 52 2 4 5 45 39 60 6 46 64 3 29 56 41 53 44 9 25 59 26 54 10 16 23 17 58 18 22 34 50 63 49 62 14 1 19 55 51 15 36 37 28 27 61 12 42 7 24 47 11
45 37 13 2 21 48 27 51 19 58 47 32 57 26 50 42 29 61 20 38 44 25 36 1 34 16 5 7 12 64 11 6 31 8 56 33 40 22 49 14 4 17 23 41 53 39 3 63 15 9 55 60 52 30 24 10 43 46 18 59 54 28 35 62
52 4 7 31 17 29 30 48 57 42 8 18 36 25 11 40 3 38 19 37 35 45 13 39 15 12 23 50 20 34 9 43 61 62 58 56 16 51 49 60 10 44 53 26 24 1 64 32 6 2 21 27 14 33 63 41 59 54 55 28 5 22 46 47
29 10 51 49 14 38 41 32 2 20 61 45 34 26 37 33 23 30 39 59 46 36 25 7 64 6 62 1 58 52 11 50 43 21 13 40 16 63 57 18 48 44 3 28 47 55 15 42 31 9 5 22 4 17 27 35 54 24 8 56 19 53 60 12
64 56 48 24 5 27 18 19 35 63 1 28 2 10 36 23 8 3 42 30 45 4 7 52 57 44 40 15 59 47 55 6 13 9 46 20 43 50 31 60 17 26 54 21 11 38 37 51 61 16 41 58 22 25 62 33 14 39 53 49 29 34 32 12
10 42 53 39 20 63 47 23 49 34 37 51 40 38 56 60 17 27 33 55 13 64 41 44 58 4 45 52 21 12 43 48 8 2 22 1 46 35 54 9 61 19 28 25 31 15 24 30 32 59 18 29 57 5 62 14 7 6 36 3 16 11 26 50
56 45 62 29 15 4 7 3 24 19 27 30 2 53 54 59 13 8 61 46 11 52 60 35 32 34 6 16 23 58 48 37 50 36 49 25 47 26 17 9 21 44 51 63 28 39 55 64 38 1 14 40 10 31 5 57 33 41 42 18 43 12 22 20
9 38 14 20 40 8 24 28 58 62 16 5 17 12 29 31 18 43 49 13 39 45 37 1 22 61 2 50 63 42 15 25 55 41 47 34 53 59 57 30 3 54 56 23 27 35 32 48 51 4 19 36 44 7 26 11 10 46 6 60 33 64 52 21
25 53 46 51 13 18 54 27 24 7 39 64 56 29 1 40 52 50 15 35 62 55 21 14 57 60 11 42 8 43 58 32 23 47 9 33 4 3 45 48 61 6 59 20 28 2 49 22 30 5 17 16 34 63 37 38 10 12 26 41 36 19 44 31
60 15 62 19 16 28 31 37 4 40 10 18 29 52 63 24 58 54 43 41 23 35 45 44 42 8 51 38 56 57 3 48 14 7 22 32 5 17 34 50 49 2 1 6 21 39 46 11 55 26 25 33 27 59 12 20 30 61 47 36 53 9 13 64
7 5 40 45 16 37 57 6 58 1 20 49 64 52 35 13 23 22 28 63 56 44 25 55 19 43 3 29 60 36 54 24 14 27 38 34 15 32 62 11 47 30 12 61 42 21 33 48 50 59 10 26 39 46 18 9 17 2 53 41 51 8 4 31
38 40 39 23 3 46 51 14 19 29 57 42 18 9 41 21 44 7 27 45 37 15 31 2 26 48 22 1 63 10 53 28 35 62 43 30 47 56 5 24 4 13 60 12 34 54 25 20 61 58 6 36 33 49 8 17 16 50 64 59 32 11 52 55
15 12 24 62 23 29 14 56 40 54 35 60 10 20 31 21 18 58 61 9 45 44 3 25 11 28 16 63 13 59 2 53 19 7 43 38 48 49 33 32 55 26 41 46 37 5 4 17 27 36 52 8 30 22 51 50 6 1 47 42 34 64 57 39
51 53 47 49 9 40 63 48 56 43 42 15 20 14 46 21 23 28 45 5 52 8 60 61 38 7 62 50 26 39 2 19 24 35 37 12 27 11 55 58 30 1 25 31 16 6 59 33 29 32 22 54 57 10 18 34 3 44 41 64 4 13 17 36
61 38 59 16 33 57 36 43 23 40 52 15 45 11 64 50 39 1 13 27 3 4 14 30 54 42 58 12 46 31 56 29 49 19 8 35 32 24 60 51 22 34 37 6 63 53 28 44 20 10 17 41 55 62 25 7 2 18 48 26 47 5 21 9
14 49 40 34 15 12 18 54 13 56 57 7 61 22 47 3 21 16 64 36 48 8 6 28 43 42 31 44 63 1 41 32 9 10 25 52 24 62 17 38 51 60 53 2 19 29 37 4 45 5 55 58 50 11 35 20 46 23 59 27 26 30 39 33
37 12 50 57 42 32 5 47 18 54 22 26 55 38 28 45 19 58 8 35 46 4 60 40 23 34 44 49 41 3 11 33 48 36 52 29 20 17 56 1 13 63 62 15 16 53 39 64 24 14 59 7 2 43 10 9 27 6 30 25 51 61 21 31
44 9 62 40 27 17 51 10 25 23 26 53 36 16 37 18 7 52 15 28 14 63 4 43 50 20 12 48 34 59 29 60 54 8 3 45 22 61 35 46 41 39 1 38 56 33 13 6 32 55 58 5 30 11 2 49 24 57 21 19 47 42 64 31
54 58 6 51 28 12 34 8 35 41 21 49 15 62 27 5 16 60 63 25 56 23 11 38 45 30 14 22 10 7 1 24 2 29 47 31 33 4 20 59 48 17 57 53 40 43 61 19 64 9 36 46 50 18 32 3 42 52 26 13 44 39 55 37
56 47 32 10 26 25 59 19 52 33 57 11 4 31 53 2 61 45 29 12 18 30 41 8 44 17 42 5 35 54 7 9 34 38 46 58 27 60 48 16 1 51 55 24 3 28 20 39 36 6 43 63 15 22 62 49 40 64 23 21 13 37 50 14
47 18 57 45 13 38 23 51 28 1 32 39 16 6 27 52 29 31 3 42 40 49 55 8 53 22 61 44 5 46 10 14 58 50 41 37 4 36 26 17 43 20 56 15 19 64 11 21 34 59 48 24 60 30 9 62 7 54 35 12 33 25 63 2
59 62 43 4 41 24 20 28 8 50 13 17 11 52 25 27 7 38 12 21 34 54 61 49 58 39 30 3 9 44 22 5 55 14 45 6 32 29 60 31 15 42 26 57 56 47 64 48 46 51 63 40 2 37 53 16 18 33 23 36 1 10 35 19
58 42 27 5 24 8 18 13 35 51 34 16 37 50 26 22 60 49 62 54 41 40 57 48 29 19 53 44 9 2 47 1 23 7 63 32 59 21 52 33 55 64 12 39 45 38 3 6 15 20 4 10 17 56 11 61 46 14 25 28 36 30 31 43
26 46 42 37 57 54 44 51 60 53 4 49 14 22 11 1 56 40 29 25 16 13 9 23 5 8 7 21 43 58 41 27 38 61 18 34 64 10 59 33 50 2 52 63 12 19 36 20 35 17 45 28 47 24 30 3 55 48 15 6 62 32 39 31
47 36 42 23 55 28 25 2 62 20 26 64 24 18 38 15 46 56 59 37 17 63 16 22 31 3 8 13 4 50 51 35 5 60 6 58 54 40 27 1 7 10 45 43 34 57 30 11 32 52 53 44 9 33 41 21 14 39 12 19 48 29 61 49
56 41 37 23 43 17 13 1 24 60 2 22 38 62 21 50 9 58 46 35 14 16 33 64 34 32 7 8 20 36 57 42 30 52 5 10 49 6 48 51 3 40 28 45 54 29 59 12 47 31 18 4 15 53 55 39 26 44 63 61 11 25 19 27
58 43 9 18 41 36 55 26 32 24 61 2 7 45 27 49 48 16 37 53 47 38 64 35 54 29 15 31 13 3 12 57 1 28 11 4 59 60 25 10 52 51 40 39 50 42 19 23 21 17 5 56 6 34 30 44 62 46 20 63 22 8 14 33
24 60 44 34 56 2 32 6 7 50 37 53 52 5 35 42 14 38 63 36 31 62 30 49 22 27 43 64 55 47 12 28 41 48 26 1 20 19 29 13 33 61 8 10 46 57 51 18 16 59 25 3 58 21 54 40 15 4 23 17 11 9 45 39
