1 145
2 91
3 136
4 196
5 57
6 199
7 230
8 162
9 223
10 228
11 63
12 132
13 170
14 102
15 107
16 163
17 48
18 23
19 56
20 215
21 175
22 203
23 120
24 126
25 9
26 179
27 204
28 254
29 209
30 117
31 72
32 198
33 5
34 123
35 68
36 121
37 39
38 44
39 235
40 28
41 124
42 194
43 183
44 114
45 135
46 53
47 4
48 152
49 159
50 60
51 186
52 166
53 227
54 112
55 122
56 40
57 75
58 83
59 64
60 13
61 255
62 8
63 74
64 29
65 86
66 242
67 218
68 76
69 176
70 32
71 146
72 249
73 55
74 237
75 191
76 250
77 172
78 42
79 180
80 38
81 106
82 220
83 1
84 239
85 210
86 129
87 148
88 87
89 156
90 143
91 89
92 82
93 97
94 10
95 131
96 34
97 173
98 211
99 7
100 51
101 103
102 30
103 221
104 95
105 58
106 193
107 256
108 207
109 177
110 98
111 31
112 151
113 241
114 219
115 77
116 154
117 195
118 142
119 216
120 217
121 205
122 19
123 25
124 130
125 16
126 33
127 81
128 45
129 116
130 171
131 109
132 46
133 201
134 113
135 167
136 37
137 246
138 192
139 22
140 59
141 233
142 6
143 100
144 232
145 115
146 125
147 73
148 3
149 65
150 231
151 252
152 168
153 52
154 213
155 247
156 94
157 165
158 182
159 67
160 70
161 138
162 108
163 202
164 66
165 47
166 245
167 244
168 36
169 184
170 240
171 90
172 147
173 174
174 137
175 127
176 78
177 161
178 144
179 61
180 88
181 11
182 85
183 96
184 12
185 188
186 238
187 214
188 92
189 80
190 222
191 253
192 224
193 41
194 225
195 206
196 185
197 99
198 26
199 93
200 35
201 234
202 104
203 101
204 27
205 20
206 236
207 14
208 243
209 212
210 160
211 158
212 50
213 21
214 84
215 169
216 197
217 105
218 251
219 24
220 43
221 248
222 71
223 54
224 118
225 208
226 18
227 226
228 128
229 119
230 15
231 200
232 110
233 111
234 17
235 2
236 149
237 157
238 164
239 178
240 79
241 190
242 153
243 69
244 133
245 229
246 155
247 141
248 189
249 150
250 49
251 62
252 139
253 187
254 134
255 140
256 181
