1 53
2 10
3 16
4 117
5 20
6 79
7 108
8 80
9 81
10 67
11 87
12 116
13 2
14 86
15 82
16 9
17 43
18 113
19 120
20 54
21 58
22 100
23 30
24 57
25 88
26 36
27 69
28 122
29 48
30 115
31 5
32 55
33 26
34 93
35 118
36 78
37 37
38 18
39 90
40 8
41 97
42 77
43 70
44 114
45 73
46 110
47 1
48 50
49 31
50 119
51 66
52 72
53 34
54 125
55 42
56 75
57 29
58 111
59 106
60 124
61 52
62 25
63 98
64 84
65 21
66 60
67 38
68 107
69 65
70 41
71 96
72 28
73 15
74 46
75 56
76 127
77 95
78 44
79 105
80 92
81 104
82 22
83 17
84 101
85 63
86 11
87 13
88 12
89 45
90 7
91 103
92 49
93 123
94 59
95 4
96 121
97 35
98 128
99 83
100 71
101 109
102 23
103 76
104 61
105 51
106 39
107 24
108 94
109 64
110 62
111 99
112 85
113 27
114 40
115 91
116 112
117 6
118 68
119 33
120 47
121 102
122 32
123 126
124 74
125 19
126 89
127 14
128 3
