1 257
2 269
3 508
4 221
5 96
6 204
7 197
8 352
9 995
10 520
11 791
12 681
13 908
14 760
15 373
16 389
17 30
18 240
19 514
20 650
21 101
22 476
23 1001
24 231
25 8
26 675
27 444
28 844
29 738
30 110
31 543
32 82
33 715
34 643
35 427
36 59
37 264
38 367
39 224
40 709
41 802
42 530
43 655
44 143
45 175
46 925
47 63
48 863
49 41
50 493
51 215
52 859
53 94
54 111
55 142
56 671
57 401
58 282
59 711
60 737
61 613
62 540
63 71
64 305
65 684
66 941
67 252
68 78
69 583
70 718
71 368
72 573
73 300
74 107
75 858
76 602
77 353
78 440
79 635
80 763
81 306
82 789
83 211
84 618
85 103
86 123
87 173
88 169
89 985
90 299
91 6
92 293
93 241
94 166
95 193
96 102
97 141
98 998
99 556
100 430
101 127
102 779
103 619
104 249
105 288
106 40
107 254
108 407
109 609
110 272
111 45
112 754
113 354
114 601
115 247
116 372
117 5
118 437
119 641
120 1
121 459
122 1000
123 528
124 442
125 362
126 688
127 623
128 579
129 436
130 220
131 137
132 16
133 349
134 722
135 524
136 1005
137 529
138 17
139 417
140 776
141 949
142 366
143 256
144 392
145 964
146 199
147 817
148 714
149 160
150 245
151 826
152 268
153 307
154 1016
155 713
156 340
157 485
158 892
159 797
160 907
161 161
162 411
163 600
164 744
165 490
166 338
167 122
168 90
169 181
170 689
171 250
172 225
173 667
174 735
175 49
176 1018
177 968
178 1008
179 501
180 832
181 989
182 663
183 396
184 1006
185 587
186 205
187 1004
188 943
189 18
190 965
191 342
192 140
193 219
194 38
195 329
196 185
197 404
198 911
199 931
200 52
201 394
202 415
203 313
204 544
205 981
206 138
207 146
208 978
209 390
210 630
211 662
212 418
213 358
214 822
215 124
216 131
217 507
218 917
219 387
220 938
221 638
222 84
223 375
224 974
225 65
226 723
227 113
228 750
229 877
230 632
231 273
232 948
233 889
234 614
235 144
236 80
237 125
238 516
239 316
240 652
241 798
242 690
243 1012
244 381
245 275
246 12
247 139
248 649
249 223
250 677
251 849
252 669
253 302
254 928
255 184
256 136
257 762
258 239
259 1007
260 758
261 279
262 774
263 764
264 494
265 695
266 775
267 335
268 11
269 128
270 287
271 893
272 432
273 10
274 67
275 947
276 996
277 820
278 691
279 942
280 717
281 572
282 918
283 806
284 748
285 605
286 842
287 331
288 987
289 950
290 7
291 872
292 827
293 21
294 355
295 621
296 130
297 491
298 453
299 993
300 730
301 631
302 232
303 752
304 548
305 967
306 114
307 724
308 271
309 904
310 251
311 320
312 765
313 424
314 976
315 182
316 99
317 598
318 828
319 445
320 997
321 865
322 577
323 32
324 883
325 233
326 477
327 894
328 317
329 31
330 244
331 28
332 645
333 727
334 523
335 13
336 732
337 303
338 933
339 625
340 992
341 311
342 53
343 935
344 74
345 913
346 438
347 441
348 990
349 57
350 845
351 322
352 363
353 183
354 151
355 653
356 350
357 660
358 129
359 670
360 83
361 486
362 70
363 747
364 736
365 739
366 581
367 379
368 757
369 743
370 51
371 952
372 93
373 267
374 414
375 553
376 285
377 356
378 759
379 473
380 72
381 117
382 679
383 586
384 360
385 534
386 825
387 357
388 380
389 475
390 906
391 88
392 569
393 839
394 369
395 761
396 400
397 607
398 210
399 708
400 163
401 977
402 854
403 478
404 772
405 46
406 157
407 676
408 665
409 467
410 495
411 22
412 570
413 409
414 323
415 497
416 258
417 531
418 148
419 958
420 882
421 292
422 1020
423 726
424 227
425 616
426 443
427 242
428 176
429 86
430 532
431 504
432 668
433 315
434 98
435 319
436 159
437 37
438 716
439 361
440 633
441 700
442 545
443 42
444 658
445 162
446 126
447 525
448 661
449 961
450 612
451 321
452 734
453 207
454 804
455 592
456 654
457 262
458 585
459 884
460 383
461 749
462 563
463 634
464 301
465 521
466 869
467 656
468 999
469 243
470 158
471 229
472 238
473 24
474 588
475 449
476 92
477 1003
478 91
479 767
480 796
481 171
482 422
483 809
484 780
485 120
486 580
487 44
488 574
489 20
490 334
491 121
492 833
493 298
494 14
495 332
496 15
497 195
498 896
499 790
500 73
501 236
502 484
503 376
504 954
505 720
506 944
507 702
508 868
509 838
510 831
511 830
512 546
513 512
514 50
515 914
516 398
517 558
518 932
519 721
520 966
521 617
522 174
523 687
524 522
525 642
526 1023
527 824
528 55
529 147
530 795
531 538
532 939
533 729
534 898
535 216
536 489
537 416
538 549
539 878
540 517
541 840
542 564
543 919
544 1011
545 879
546 403
547 1002
548 646
549 768
550 733
551 953
552 1010
553 903
554 39
555 456
556 799
557 468
558 452
559 500
560 566
561 719
562 255
563 518
564 246
565 647
566 821
567 594
568 228
569 43
570 819
571 433
572 921
573 100
574 542
575 339
576 378
577 464
578 4
579 428
580 64
581 435
582 519
583 870
584 511
585 395
586 674
587 61
588 513
589 955
590 149
591 68
592 971
593 584
594 850
595 482
596 909
597 800
598 741
599 626
600 265
601 510
602 666
603 104
604 222
605 274
606 988
607 818
608 994
609 972
610 388
611 327
612 496
613 509
614 145
615 153
616 991
617 980
618 226
619 560
620 278
621 286
622 291
623 547
624 1024
625 841
626 343
627 550
628 533
629 481
630 539
631 712
632 397
633 867
634 192
635 364
636 725
637 843
638 283
639 318
640 881
641 951
642 611
643 834
644 885
645 77
646 85
647 562
648 189
649 180
650 374
651 622
652 434
653 769
654 815
655 214
656 25
657 792
658 413
659 384
660 289
661 152
662 920
663 359
664 429
665 337
666 402
667 786
668 853
669 561
670 629
671 469
672 835
673 177
674 479
675 895
676 969
677 651
678 164
679 198
680 873
681 506
682 829
683 794
684 455
685 575
686 755
687 191
688 462
689 770
690 263
691 448
692 351
693 778
694 787
695 615
696 910
697 36
698 135
699 535
700 465
701 385
702 657
703 746
704 891
705 915
706 294
707 33
708 1022
709 260
710 916
711 984
712 639
713 902
714 115
715 281
716 890
717 740
718 34
719 554
720 492
721 503
722 983
723 922
724 515
725 551
726 328
727 946
728 606
729 212
730 912
731 782
732 248
733 116
734 565
735 308
736 963
737 590
738 567
739 179
740 365
741 979
742 705
743 132
744 391
745 190
746 156
747 150
748 235
749 393
750 134
751 155
752 683
753 450
754 54
755 874
756 48
757 336
758 253
759 636
760 901
761 1017
762 608
763 678
764 27
765 837
766 295
767 341
768 310
769 860
770 697
771 970
772 406
773 957
774 871
775 325
776 801
777 591
778 371
779 458
780 810
781 446
782 505
783 217
784 680
785 377
786 596
787 899
788 196
789 408
790 290
791 1014
792 266
793 280
794 187
795 934
796 557
797 923
798 172
799 701
800 201
801 259
802 698
803 270
804 109
805 753
806 276
807 425
808 312
809 314
810 200
811 704
812 814
813 960
814 973
815 76
816 419
817 781
818 421
819 60
820 447
821 731
822 706
823 686
824 466
825 784
826 773
827 3
828 527
829 848
830 9
831 627
832 19
833 188
834 599
835 576
836 170
837 897
838 202
839 785
840 847
841 986
842 502
843 237
844 499
845 382
846 119
847 788
848 165
849 555
850 431
851 344
852 194
853 694
854 640
855 168
856 571
857 309
858 347
859 460
860 589
861 862
862 209
863 261
864 97
865 454
866 703
867 644
868 673
869 982
870 66
871 461
872 648
873 699
874 812
875 864
876 526
877 685
878 929
879 887
880 333
881 154
882 603
883 771
884 47
885 457
886 610
887 203
888 26
889 2
890 956
891 672
892 439
893 1019
894 75
895 56
896 426
897 851
898 559
899 474
900 857
901 766
902 471
903 783
904 106
905 728
906 412
907 926
908 855
909 959
910 707
911 29
912 1021
913 595
914 900
915 751
916 330
917 410
918 880
919 213
920 95
921 927
922 541
923 710
924 167
925 975
926 620
927 537
928 480
929 470
930 624
931 962
932 487
933 886
934 593
935 297
936 856
937 861
938 924
939 805
940 813
941 876
942 597
943 69
944 284
945 420
946 937
947 756
948 852
949 888
950 370
951 945
952 1013
953 463
954 552
955 346
956 118
957 742
958 230
959 940
960 777
961 1015
962 693
963 793
964 451
965 324
966 108
967 696
968 816
969 536
970 823
971 803
972 206
973 23
974 326
975 405
976 483
977 659
978 582
979 186
980 296
981 905
982 208
983 277
984 604
985 568
986 866
987 423
988 386
989 1009
990 35
991 846
992 58
993 637
994 745
995 578
996 692
997 875
998 87
999 930
1000 664
1001 218
1002 399
1003 81
1004 62
1005 234
1006 178
1007 112
1008 105
1009 808
1010 682
1011 472
1012 807
1013 488
1014 345
1015 811
1016 79
1017 89
1018 348
1019 498
1020 936
1021 304
1022 836
1023 628
1024 133
