1 266
2 13
3 202
4 1881
5 1318
6 717
7 1492
8 1291
9 1862
10 653
11 927
12 1396
13 518
14 226
15 1369
16 890
17 532
18 1473
19 1265
20 1193
21 1616
22 616
23 1535
24 1174
25 718
26 39
27 357
28 1574
29 620
30 870
31 569
32 1758
33 1942
34 1220
35 1171
36 759
37 1676
38 627
39 1435
40 1345
41 1239
42 377
43 1618
44 1846
45 1359
46 275
47 1731
48 1722
49 752
50 566
51 428
52 1114
53 440
54 2022
55 2002
56 950
57 1494
58 1094
59 1238
60 1848
61 81
62 1834
63 830
64 1178
65 1575
66 1055
67 293
68 156
69 98
70 872
71 1562
72 1725
73 187
74 1261
75 1895
76 449
77 531
78 1047
79 796
80 1426
81 1501
82 1717
83 934
84 1749
85 1455
86 80
87 1001
88 1381
89 1385
90 1331
91 624
92 1736
93 802
94 1198
95 69
96 270
97 1227
98 1816
99 1304
100 849
101 979
102 937
103 339
104 1628
105 798
106 1383
107 1565
108 778
109 1157
110 16
111 766
112 983
113 374
114 1288
115 1270
116 1878
117 1009
118 1632
119 1813
120 53
121 1023
122 1082
123 1679
124 1859
125 10
126 673
127 891
128 1119
129 1614
130 731
131 337
132 413
133 2014
134 410
135 862
136 527
137 1093
138 1052
139 119
140 1080
141 1
142 1317
143 502
144 2012
145 1853
146 1167
147 1522
148 1713
149 1281
150 828
151 1914
152 1169
153 1784
154 342
155 1563
156 588
157 153
158 178
159 965
160 577
161 1002
162 42
163 1356
164 1483
165 709
166 418
167 544
168 605
169 91
170 300
171 1113
172 165
173 920
174 1702
175 1264
176 1569
177 658
178 62
179 1527
180 1984
181 432
182 1328
183 1461
184 2034
185 139
186 103
187 1636
188 513
189 1521
190 1042
191 1870
192 956
193 1774
194 1998
195 1439
196 1040
197 1025
198 1863
199 1142
200 33
201 1867
202 1674
203 6
204 1415
205 1213
206 1176
207 1506
208 1735
209 1360
210 917
211 1502
212 1640
213 767
214 1741
215 1187
216 549
217 1487
218 1748
219 1688
220 371
221 858
222 1126
223 597
224 1274
225 1969
226 1793
227 748
228 1378
229 590
230 280
231 1950
232 978
233 147
234 1976
235 201
236 1015
237 522
238 795
239 390
240 831
241 1467
242 1207
243 581
244 1596
245 455
246 1403
247 562
248 768
249 1962
250 1050
251 1299
252 1105
253 760
254 1517
255 524
256 1932
257 324
258 1180
259 380
260 1361
261 40
262 24
263 968
264 2036
265 1107
266 1760
267 89
268 885
269 971
270 1568
271 763
272 878
273 27
274 1431
275 635
276 1230
277 1344
278 223
279 1723
280 648
281 565
282 1929
283 217
284 1875
285 1865
286 553
287 634
288 1619
289 1599
290 1795
291 1698
292 1943
293 276
294 1591
295 1177
296 1604
297 434
298 517
299 101
300 1601
301 1130
302 1037
303 641
304 617
305 1697
306 1661
307 689
308 1587
309 679
310 960
311 132
312 247
313 1020
314 1438
315 1148
316 489
317 391
318 1027
319 367
320 1662
321 401
322 395
323 1221
324 1069
325 1729
326 430
327 239
328 803
329 1185
330 229
331 1382
332 723
333 2042
334 1625
335 1897
336 224
337 52
338 1718
339 912
340 881
341 1879
342 545
343 1204
344 1531
345 1537
346 1582
347 1285
348 1164
349 699
350 1963
351 1792
352 600
353 272
354 90
355 1893
356 578
357 1418
358 1592
359 666
360 1987
361 1116
362 387
363 447
364 921
365 961
366 563
367 1520
368 1289
369 1947
370 1458
371 602
372 251
373 400
374 1008
375 1915
376 1647
377 1822
378 613
379 149
380 1908
381 935
382 1138
383 1370
384 151
385 86
386 780
387 951
388 1175
389 2004
390 1924
391 1508
392 414
393 747
394 1350
395 181
396 220
397 671
398 1677
399 1028
400 1518
401 303
402 1152
403 1681
404 1746
405 538
406 478
407 1871
408 1139
409 1337
410 644
411 131
412 1495
413 163
414 1433
415 1472
416 847
417 1778
418 1669
419 1994
420 92
421 222
422 2
423 898
424 1039
425 1675
426 1743
427 913
428 22
429 94
430 958
431 4
432 1775
433 454
434 1673
435 1763
436 941
437 1796
438 1556
439 1029
440 1577
441 1927
442 421
443 1215
444 552
445 1645
446 1409
447 1836
448 308
449 1695
450 1515
451 1658
452 186
453 764
454 916
455 924
456 285
457 145
458 232
459 790
460 1022
461 364
462 493
463 1242
464 1745
465 265
466 835
467 1316
468 154
469 183
470 1259
471 800
472 1766
473 1764
474 1063
475 1797
476 1272
477 586
478 1791
479 1831
480 1529
481 1925
482 1406
483 1727
484 1900
485 1405
486 1573
487 407
488 1564
489 296
490 575
491 496
492 724
493 848
494 1690
495 405
496 954
497 1362
498 1017
499 1305
500 235
501 1801
502 171
503 479
504 1404
505 902
506 1373
507 483
508 1671
509 623
510 1696
511 1980
512 716
513 1979
514 1532
515 1767
516 1588
517 655
518 1137
519 1765
520 1849
521 1166
522 1593
523 743
524 1365
525 810
526 1918
527 311
528 2018
529 246
530 530
531 1168
532 269
533 1584
534 106
535 225
536 888
537 209
538 1368
539 351
540 1123
541 775
542 306
543 361
544 1738
545 1440
546 1739
547 1524
548 949
549 1956
550 1070
551 714
552 64
553 360
554 1499
555 788
556 292
557 1019
558 859
559 1830
560 75
561 1226
562 1269
563 905
564 43
565 652
566 911
567 137
568 1046
569 1545
570 1212
571 1277
572 794
573 682
574 1788
575 944
576 1610
577 783
578 1190
579 384
580 1974
581 1585
582 1874
583 1045
584 824
585 1095
586 1480
587 1553
588 594
589 1513
590 1657
591 1352
592 736
593 899
594 786
595 9
596 1007
597 712
598 876
599 88
600 1117
601 696
602 345
603 97
604 2017
605 656
606 297
607 1394
608 1754
609 509
610 1643
611 1617
612 981
613 205
614 806
615 972
616 1120
617 1885
618 606
619 1395
620 834
621 1825
622 122
623 116
624 219
625 931
626 866
627 353
628 363
629 312
630 953
631 1320
632 1375
633 310
634 1323
635 1753
636 1876
637 1471
638 12
639 1108
640 1279
641 2003
642 1819
643 1633
644 277
645 1507
646 118
647 1268
648 691
649 812
650 929
651 1828
652 19
653 1099
654 1759
655 1136
656 214
657 571
658 464
659 1629
660 1672
661 1172
662 773
663 1417
664 113
665 1233
666 1693
667 93
668 1078
669 1377
670 1036
671 1602
672 207
673 1500
674 354
675 989
676 372
677 1090
678 1823
679 1543
680 172
681 263
682 167
683 328
684 1607
685 865
686 29
687 408
688 54
689 1838
690 2046
691 254
692 705
693 1125
694 1400
695 1734
696 867
697 2008
698 1615
699 1808
700 191
701 34
702 1733
703 772
704 1354
705 129
706 557
707 1888
708 825
709 335
710 323
711 650
712 1005
713 1486
714 1159
715 608
716 999
717 1462
718 1854
719 638
720 554
721 152
722 304
723 242
724 994
725 1308
726 505
727 1286
728 1528
729 267
730 942
731 1332
732 609
733 688
734 1074
735 670
736 173
737 1780
738 446
739 896
740 460
741 1902
742 1786
743 2027
744 819
745 1179
746 1143
747 1654
748 1076
749 484
750 943
751 741
752 37
753 1374
754 245
755 422
756 1371
757 500
758 722
759 1724
760 1477
761 1263
762 711
763 1101
764 1192
765 1397
766 1887
767 1071
768 252
769 1428
770 1459
771 1687
772 100
773 910
774 753
775 539
776 1971
777 1547
778 1481
779 640
780 1224
781 1648
782 282
783 1386
784 398
785 218
786 1750
787 669
788 1595
789 909
790 1195
791 1206
792 1597
793 121
794 456
795 262
796 1944
797 570
798 1653
799 1165
800 1416
801 642
802 1965
803 1445
804 1411
805 1931
806 1051
807 14
808 437
809 1422
810 1453
811 1079
812 2047
813 169
814 2033
815 1817
816 1460
817 1644
818 814
819 1510
820 1430
821 601
822 1576
823 38
824 1785
825 1048
826 804
827 621
828 1945
829 1379
830 1973
831 1210
832 71
833 1663
834 1706
835 158
836 1388
837 175
838 2020
839 1134
840 1478
841 1855
842 662
843 1064
844 887
845 1275
846 1728
847 1407
848 892
849 1083
850 1930
851 1772
852 74
853 482
854 1343
855 443
856 1712
857 1216
858 492
859 1534
860 1907
861 877
862 584
863 799
864 236
865 486
866 1024
867 96
868 826
869 1670
870 1278
871 23
872 1298
873 11
874 829
875 1163
876 1755
877 506
878 582
879 1031
880 1032
881 463
882 2006
883 1570
884 1639
885 1773
886 822
887 805
888 607
889 1280
890 1953
891 435
892 757
893 1248
894 1183
895 845
896 636
897 749
898 504
899 2023
900 369
901 1815
902 1469
903 221
904 1934
905 1600
906 1349
907 1809
908 710
909 785
910 1948
911 499
912 1339
913 1605
914 315
915 126
916 1283
917 629
918 762
919 1312
920 1626
921 1711
922 1692
923 1811
924 1100
925 754
926 599
927 1747
928 1432
929 832
930 1839
931 998
932 1509
933 996
934 1056
935 488
936 35
937 838
938 1038
939 568
940 534
941 1851
942 846
943 1894
944 1450
945 1850
946 450
947 1475
948 336
949 567
950 516
951 1540
952 1981
953 1068
954 707
955 1660
956 1333
957 704
958 487
959 1021
960 1072
961 694
962 388
963 198
964 1018
965 842
966 1833
967 1957
968 850
969 1493
970 1258
971 1182
972 279
973 25
974 1620
975 1112
976 1104
977 46
978 700
979 1655
980 1824
981 514
982 490
983 314
984 1554
985 1771
986 1530
987 134
988 188
989 1608
990 612
991 647
992 445
993 189
994 412
995 1761
996 1959
997 1429
998 654
999 993
1000 526
1001 1525
1002 190
1003 1603
1004 970
1005 541
1006 761
1007 1249
1008 1141
1009 469
1010 537
1011 32
1012 144
1013 1196
1014 660
1015 143
1016 1916
1017 817
1018 879
1019 472
1020 307
1021 125
1022 18
1023 1447
1024 1804
1025 974
1026 816
1027 370
1028 1659
1029 721
1030 1544
1031 295
1032 327
1033 1184
1034 1062
1035 501
1036 2032
1037 1986
1038 1557
1039 1246
1040 238
1041 948
1042 1314
1043 781
1044 556
1045 853
1046 1886
1047 1703
1048 436
1049 903
1050 1012
1051 237
1052 196
1053 1866
1054 1389
1055 1832
1056 1234
1057 1946
1058 15
1059 473
1060 508
1061 1869
1062 59
1063 604
1064 1719
1065 1623
1066 1173
1067 1348
1068 1186
1069 28
1070 1634
1071 362
1072 168
1073 60
1074 1541
1075 521
1076 1446
1077 676
1078 995
1079 1682
1080 928
1081 264
1082 1423
1083 1151
1084 1392
1085 17
1086 777
1087 5
1088 869
1089 174
1090 1251
1091 180
1092 1434
1093 468
1094 540
1095 1223
1096 331
1097 550
1098 41
1099 1970
1100 730
1101 393
1102 1325
1103 1917
1104 975
1105 1737
1106 1843
1107 681
1108 1880
1109 1958
1110 104
1111 1043
1112 1985
1113 424
1114 809
1115 1219
1116 637
1117 1256
1118 1330
1119 1935
1120 1128
1121 1098
1122 1613
1123 1901
1124 558
1125 326
1126 340
1127 320
1128 984
1129 1684
1130 403
1131 1073
1132 735
1133 1708
1134 591
1135 1255
1136 784
1137 1842
1138 672
1139 1209
1140 708
1141 1211
1142 574
1143 1208
1144 572
1145 886
1146 1160
1147 742
1148 1387
1149 1497
1150 864
1151 987
1152 79
1153 1214
1154 678
1155 510
1156 677
1157 1000
1158 1476
1159 1993
1160 1366
1161 1716
1162 611
1163 1949
1164 448
1165 701
1166 1427
1167 758
1168 2009
1169 1579
1170 1336
1171 2038
1172 1609
1173 259
1174 130
1175 1678
1176 1044
1177 536
1178 1097
1179 880
1180 381
1181 997
1182 1237
1183 36
1184 1153
1185 1398
1186 977
1187 1444
1188 882
1189 1448
1190 194
1191 375
1192 234
1193 8
1194 356
1195 1777
1196 1380
1197 507
1198 645
1199 1709
1200 1303
1201 1812
1202 1053
1203 1896
1204 481
1205 1664
1206 1903
1207 874
1208 49
1209 1921
1210 1594
1211 1637
1212 411
1213 900
1214 1536
1215 185
1216 1937
1217 651
1218 66
1219 1768
1220 836
1221 67
1222 1413
1223 697
1224 1296
1225 779
1226 193
1227 1086
1228 346
1229 684
1230 1990
1231 855
1232 663
1233 325
1234 1700
1235 396
1236 901
1237 692
1238 1622
1239 228
1240 7
1241 1516
1242 1652
1243 2029
1244 459
1245 1705
1246 1983
1247 947
1248 827
1249 286
1250 1127
1251 318
1252 1335
1253 925
1254 70
1255 115
1256 1399
1257 732
1258 750
1259 1751
1260 1550
1261 415
1262 776
1263 957
1264 271
1265 256
1266 856
1267 157
1268 1306
1269 376
1270 1872
1271 1067
1272 382
1273 933
1274 1941
1275 1232
1276 1479
1277 162
1278 1730
1279 1968
1280 745
1281 963
1282 1561
1283 1814
1284 284
1285 302
1286 120
1287 515
1288 690
1289 1827
1290 1202
1291 889
1292 199
1293 1122
1294 1363
1295 1635
1296 26
1297 1282
1298 1322
1299 1650
1300 959
1301 1384
1302 1826
1303 675
1304 155
1305 1287
1306 868
1307 355
1308 576
1309 1391
1310 1310
1311 751
1312 860
1313 598
1314 1319
1315 1252
1316 1266
1317 164
1318 1103
1319 1558
1320 511
1321 287
1322 1342
1323 1598
1324 140
1325 1933
1326 321
1327 426
1328 926
1329 2021
1330 1013
1331 1081
1332 1860
1333 893
1334 1474
1335 2048
1336 1410
1337 1891
1338 695
1339 1967
1340 1496
1341 465
1342 626
1343 1538
1344 176
1345 1284
1346 1546
1347 1058
1348 1372
1349 1358
1350 1006
1351 1454
1352 203
1353 329
1354 1118
1355 894
1356 1533
1357 1991
1358 992
1359 1087
1360 1803
1361 1294
1362 138
1363 1810
1364 1503
1365 914
1366 1668
1367 1988
1368 1191
1369 969
1370 177
1371 1236
1372 801
1373 1201
1374 1840
1375 273
1376 1149
1377 170
1378 1666
1379 1311
1380 1132
1381 1449
1382 1581
1383 402
1384 2045
1385 2013
1386 470
1387 561
1388 664
1389 1806
1390 419
1391 109
1392 298
1393 1463
1394 457
1395 564
1396 844
1397 807
1398 962
1399 368
1400 945
1401 309
1402 333
1403 1309
1404 243
1405 102
1406 233
1407 1329
1408 1302
1409 535
1410 1228
1411 727
1412 1419
1413 452
1414 1199
1415 1742
1416 1129
1417 593
1418 215
1419 1203
1420 740
1421 1858
1422 466
1423 2010
1424 964
1425 915
1426 1154
1427 1161
1428 1205
1429 1244
1430 1324
1431 1466
1432 433
1433 1779
1434 737
1435 1856
1436 1197
1437 1992
1438 462
1439 546
1440 719
1441 715
1442 622
1443 148
1444 1346
1445 99
1446 127
1447 1408
1448 1542
1449 1170
1450 1084
1451 379
1452 1425
1453 290
1454 1651
1455 1260
1456 1996
1457 930
1458 841
1459 497
1460 1704
1461 533
1462 458
1463 1552
1464 491
1465 1489
1466 1470
1467 1357
1468 657
1469 1889
1470 614
1471 646
1472 1756
1473 1922
1474 294
1475 404
1476 990
1477 1877
1478 1549
1479 1909
1480 529
1481 166
1482 1559
1483 1578
1484 2005
1485 1402
1486 665
1487 44
1488 986
1489 837
1490 1124
1491 756
1492 111
1493 471
1494 1818
1495 1010
1496 210
1497 65
1498 330
1499 1864
1500 1752
1501 1290
1502 1436
1503 1110
1504 2028
1505 771
1506 385
1507 789
1508 105
1509 1526
1510 936
1511 216
1512 288
1513 520
1514 366
1515 973
1516 815
1517 976
1518 258
1519 349
1520 1026
1521 1781
1522 702
1523 2041
1524 1721
1525 1315
1526 1351
1527 416
1528 1955
1529 967
1530 1218
1531 108
1532 674
1533 1689
1534 31
1535 72
1536 1841
1537 68
1538 477
1539 1624
1540 1726
1541 2015
1542 1401
1543 792
1544 283
1545 485
1546 1612
1547 840
1548 1560
1549 3
1550 495
1551 117
1552 2019
1553 1367
1554 76
1555 728
1556 57
1557 1683
1558 839
1559 378
1560 1514
1561 1011
1562 811
1563 1393
1564 474
1565 1835
1566 1919
1567 1465
1568 1498
1569 813
1570 1189
1571 1326
1572 21
1573 305
1574 1798
1575 73
1576 261
1577 444
1578 1857
1579 1301
1580 1548
1581 206
1582 528
1583 615
1584 1484
1585 63
1586 2007
1587 1710
1588 260
1589 341
1590 1456
1591 1049
1592 966
1593 1757
1594 683
1595 281
1596 1606
1597 248
1598 451
1599 2026
1600 1121
1601 319
1602 907
1603 85
1604 595
1605 573
1606 1936
1607 159
1608 1906
1609 1589
1610 2001
1611 476
1612 278
1613 1060
1614 1241
1615 338
1616 1133
1617 1442
1618 1776
1619 782
1620 45
1621 1519
1622 703
1623 1961
1624 334
1625 1852
1626 1649
1627 1800
1628 1926
1629 791
1630 797
1631 1140
1632 1109
1633 1307
1634 1240
1635 1680
1636 918
1637 1787
1638 423
1639 1611
1640 851
1641 1276
1642 182
1643 350
1644 2035
1645 897
1646 793
1647 1951
1648 873
1649 946
1650 932
1651 1960
1652 1975
1653 1441
1654 818
1655 84
1656 1075
1657 161
1658 1077
1659 1665
1660 1821
1661 77
1662 1539
1663 1794
1664 1966
1665 938
1666 746
1667 107
1668 1443
1669 1054
1670 1923
1671 58
1672 1414
1673 480
1674 720
1675 1627
1676 857
1677 512
1678 1641
1679 610
1680 192
1681 1217
1682 427
1683 883
1684 1030
1685 1807
1686 1978
1687 1715
1688 592
1689 1338
1690 1035
1691 1642
1692 1066
1693 83
1694 343
1695 596
1696 551
1697 1092
1698 1297
1699 389
1700 603
1701 706
1702 560
1703 1420
1704 1782
1705 394
1706 904
1707 1972
1708 733
1709 1115
1710 135
1711 668
1712 1295
1713 1861
1714 184
1715 250
1716 1390
1717 1245
1718 1590
1719 475
1720 1873
1721 1340
1722 2040
1723 1685
1724 1235
1725 51
1726 1904
1727 55
1728 227
1729 585
1730 1555
1731 1102
1732 769
1733 332
1734 871
1735 291
1736 195
1737 1732
1738 1457
1739 150
1740 667
1741 1155
1742 1995
1743 1714
1744 583
1745 631
1746 884
1747 1231
1748 1912
1749 1720
1750 1938
1751 744
1752 808
1753 1334
1754 230
1755 955
1756 1567
1757 1452
1758 2024
1759 787
1760 1844
1761 1059
1762 56
1763 1740
1764 1188
1765 619
1766 698
1767 1421
1768 268
1769 1485
1770 20
1771 1222
1772 1158
1773 212
1774 1016
1775 1572
1776 1707
1777 1646
1778 2043
1779 1292
1780 200
1781 579
1782 1890
1783 1638
1784 1111
1785 555
1786 1694
1787 1181
1788 503
1789 1770
1790 738
1791 1033
1792 821
1793 643
1794 204
1795 1699
1796 1468
1797 47
1798 255
1799 1267
1800 112
1801 498
1802 1630
1803 687
1804 438
1805 980
1806 1898
1807 2030
1808 587
1809 725
1810 1899
1811 208
1812 1061
1813 823
1814 197
1815 231
1816 373
1817 1243
1818 82
1819 431
1820 525
1821 543
1822 160
1823 1490
1824 1512
1825 442
1826 1883
1827 1892
1828 128
1829 1262
1830 1041
1831 1939
1832 1790
1833 1156
1834 1088
1835 179
1836 1106
1837 1146
1838 770
1839 274
1840 1491
1841 1273
1842 765
1843 1364
1844 1004
1845 2025
1846 713
1847 1551
1848 547
1849 249
1850 686
1851 680
1852 461
1853 1505
1854 1504
1855 441
1856 1884
1857 852
1858 301
1859 1488
1860 755
1861 906
1862 110
1863 1424
1864 685
1865 1313
1866 1257
1867 1347
1868 397
1869 1412
1870 1799
1871 417
1872 1065
1873 429
1874 365
1875 48
1876 1300
1877 833
1878 213
1879 1131
1880 359
1881 1783
1882 2016
1883 61
1884 1928
1885 919
1886 843
1887 87
1888 453
1889 1762
1890 1511
1891 1200
1892 1940
1893 1686
1894 123
1895 1091
1896 1847
1897 2031
1898 633
1899 1271
1900 1254
1901 1583
1902 386
1903 1003
1904 659
1905 1341
1906 1911
1907 420
1908 142
1909 589
1910 253
1911 519
1912 625
1913 1321
1914 923
1915 1464
1916 774
1917 1229
1918 1802
1919 1631
1920 854
1921 409
1922 352
1923 78
1924 257
1925 358
1926 1952
1927 632
1928 2044
1929 1882
1930 348
1931 939
1932 1829
1933 1701
1934 1571
1935 2037
1936 2000
1937 1805
1938 1085
1939 406
1940 1913
1941 952
1942 1997
1943 726
1944 1910
1945 559
1946 1566
1947 1247
1948 639
1949 1250
1950 1837
1951 1253
1952 1194
1953 299
1954 1376
1955 1147
1956 344
1957 729
1958 2039
1959 439
1960 1034
1961 1089
1962 734
1963 991
1964 1150
1965 1982
1966 467
1967 211
1968 1769
1969 383
1970 1691
1971 146
1972 542
1973 1964
1974 1744
1975 30
1976 322
1977 316
1978 1145
1979 618
1980 1667
1981 1523
1982 548
1983 1057
1984 399
1985 895
1986 240
1987 1999
1988 1920
1989 630
1990 317
1991 244
1992 1989
1993 1977
1994 1355
1995 1135
1996 982
1997 114
1998 1293
1999 908
2000 1327
2001 289
2002 1586
2003 1905
2004 649
2005 661
2006 1482
2007 1144
2008 628
2009 95
2010 820
2011 985
2012 1225
2013 1096
2014 523
2015 940
2016 133
2017 347
2018 1845
2019 693
2020 1820
2021 494
2022 1621
2023 739
2024 1014
2025 425
2026 1162
2027 313
2028 875
2029 392
2030 1656
2031 124
2032 988
2033 1789
2034 141
2035 1954
2036 1868
2037 136
2038 1437
2039 1580
2040 922
2041 50
2042 241
2043 863
2044 580
2045 1451
2046 1353
2047 2011
2048 861
