1 129
2 510
3 116
4 387
5 450
6 88
7 69
8 371
9 57
10 137
11 468
12 126
13 302
14 428
15 161
16 104
17 333
18 53
19 185
20 285
21 451
22 443
23 348
24 1
25 254
26 385
27 143
28 270
29 81
30 447
31 194
32 341
33 479
34 469
35 299
36 193
37 72
38 472
39 362
40 267
41 294
42 281
43 241
44 398
45 47
46 376
47 347
48 140
49 5
50 361
51 404
52 259
53 291
54 195
55 351
56 144
57 322
58 331
59 215
60 9
61 363
62 146
63 364
64 199
65 118
66 459
67 167
68 372
69 358
70 114
71 228
72 253
73 12
74 473
75 212
76 10
77 324
78 397
79 125
80 292
81 189
82 255
83 328
84 478
85 334
86 491
87 59
88 400
89 184
90 463
91 273
92 457
93 453
94 223
95 330
96 266
97 416
98 229
99 80
100 200
101 26
102 508
103 224
104 210
105 14
106 408
107 298
108 456
109 67
110 419
111 135
112 123
113 295
114 217
115 70
116 293
117 176
118 196
119 507
120 283
121 177
122 61
123 357
124 389
125 202
126 421
127 68
128 172
129 42
130 512
131 48
132 30
133 488
134 238
135 471
136 83
137 38
138 313
139 506
140 25
141 15
142 50
143 435
144 214
145 169
146 250
147 417
148 430
149 218
150 121
151 316
152 401
153 213
154 258
155 52
156 232
157 227
158 467
159 470
160 4
161 367
162 44
163 231
164 271
165 262
166 412
167 454
168 203
169 234
170 365
171 6
172 82
173 248
174 290
175 187
176 501
177 368
178 19
179 279
180 477
181 166
182 446
183 11
184 370
185 489
186 180
187 465
188 130
189 163
190 243
191 388
192 18
193 301
194 495
195 147
196 492
197 309
198 382
199 247
200 78
201 458
202 100
203 131
204 441
205 157
206 272
207 381
208 51
209 327
210 405
211 28
212 96
213 415
214 413
215 332
216 424
217 106
218 366
219 159
220 37
221 308
222 278
223 339
224 111
225 242
226 62
227 43
228 168
229 87
230 162
231 268
232 102
233 274
234 315
235 151
236 336
237 337
238 314
239 216
240 56
241 179
242 497
243 183
244 60
245 115
246 190
247 95
248 94
249 7
250 122
251 175
252 89
253 120
254 343
255 182
256 222
257 360
258 16
259 320
260 369
261 174
262 108
263 390
264 462
265 41
266 483
267 289
268 109
269 205
270 45
271 493
272 505
273 329
274 461
275 208
276 300
277 158
278 150
279 85
280 392
281 24
282 3
283 79
284 276
285 437
286 263
287 345
288 297
289 323
290 244
291 240
292 148
293 141
294 482
295 112
296 425
297 86
298 206
299 436
300 257
301 402
302 433
303 77
304 261
305 65
306 233
307 22
308 165
309 2
310 374
311 155
312 484
313 317
314 27
315 474
316 464
317 103
318 455
319 350
320 119
321 502
322 504
323 211
324 485
325 197
326 64
327 359
328 338
329 91
330 353
331 181
332 230
333 117
334 418
335 239
336 431
337 420
338 154
339 346
340 198
341 349
342 284
343 136
344 29
345 499
346 160
347 355
348 264
349 487
350 132
351 287
352 13
353 511
354 395
355 373
356 186
357 486
358 509
359 310
360 429
361 393
362 188
363 225
364 407
365 98
366 490
367 303
368 63
369 352
370 432
371 149
372 269
373 245
374 40
375 466
376 444
377 252
378 377
379 107
380 438
381 356
382 449
383 23
384 311
385 305
386 422
387 207
388 35
389 406
390 204
391 221
392 426
393 500
394 142
395 226
396 288
397 139
398 46
399 496
400 503
401 375
402 127
403 71
404 75
405 236
406 414
407 386
408 306
409 326
410 434
411 318
412 296
413 344
414 235
415 280
416 138
417 32
418 325
419 58
420 409
421 153
422 480
423 304
424 335
425 354
426 498
427 452
428 282
429 378
430 31
431 201
432 260
433 379
434 39
435 110
436 128
437 275
438 423
439 49
440 74
441 410
442 481
443 265
444 494
445 394
446 340
447 164
448 133
449 92
450 21
451 113
452 399
453 145
454 383
455 156
456 73
457 84
458 55
459 93
460 460
461 219
462 286
463 8
464 34
465 342
466 475
467 191
468 152
469 54
470 442
471 448
472 321
473 220
474 403
475 76
476 124
477 246
478 411
479 319
480 380
481 173
482 445
483 249
484 277
485 439
486 36
487 97
488 391
489 307
490 178
491 170
492 101
493 384
494 192
495 90
496 134
497 312
498 396
499 99
500 20
501 171
502 440
503 66
504 33
505 427
506 105
507 256
508 476
509 209
510 237
511 17
512 251
